1	10
2	16
3	15
4	16
5	7
6	8
7	4
8	3
9	12
10	5
11	4
12	9
13	15
14	17
15	23
16	4
17	13
18	5
19	7
20	15
21	8
22	18
23	12
24	15
25	17
26	16
27	1
28	7
29	7
30	10
31	13
32	8
33	15
34	16
35	11
36	9
37	10
38	10
39	11
40	13
41	3
42	14
43	3
44	9
45	9
46	4
47	8
48	15
49	12
50	6
51	22
52	12
53	4
54	4
55	13
56	19
57	16
58	15
59	17
60	3
61	23
62	5
63	8
64	16
65	11
66	10
67	14
68	16
69	13
70	23
71	10
72	12
73	6
74	25
75	7
76	24
77	14
78	5
79	4
80	11
81	14
82	15
83	5
84	13
85	13
86	13
87	18
88	13
89	16
90	14
91	20
92	9
93	8
94	18
95	3
96	16
97	15
98	7
99	25
100	29
101	14
102	13
103	17
104	21
105	14
106	14
107	17
108	16
109	6
110	11
111	23
112	13
113	15
114	18
115	22
116	20
117	11
118	21
119	31
120	13
121	19
122	20
123	20
124	13
125	4
126	23
127	16
128	19
129	17
130	19
131	13
132	4
133	5
134	16
135	12
136	17
137	14
138	13
139	31
140	18
141	10
142	16
143	10
144	13
145	22
146	10
147	5
148	15
149	28
150	15
151	14
152	8
153	23
154	14
155	18
156	14
157	13
158	7
159	23
160	13
161	12
162	6
163	9
164	17
165	10
166	15
167	13
168	11
169	14
170	19
171	10
172	0
173	24
174	4
175	18
176	20
177	20
178	5
179	21
180	28
181	19
182	13
183	15
184	14
185	10
186	9
187	21
188	7
189	28
190	13
191	15
192	21
193	13
194	21
195	16
196	7
197	12
198	23
199	23
200	16
201	20
202	5
203	22
204	13
205	27
206	14
207	11
208	20
209	11
210	12
211	18
212	13
213	3
214	14
215	10
216	21
217	18
218	13
219	31
220	12
221	18
222	5
223	26
224	5
225	21
226	16
227	21
228	23
229	22
230	7
231	19
232	13
233	24
234	16
235	21
236	17
237	8
238	16
239	21
240	13
241	15
242	17
243	15
244	24
245	16
246	30
247	15
248	3
249	31
250	13
251	14
252	20
253	14
254	10
255	21
256	13
257	13
258	14
259	19
260	13
261	14
262	9
263	21
264	21
265	22
266	24
267	13
268	17
269	18
270	18
271	20
272	14
273	23
274	21
275	14
276	7
277	17
278	22
279	15
280	14
281	14
282	23
283	14
284	22
285	14
286	6
287	22
288	24
289	13
290	31
291	24
292	25
293	9
294	20
295	13
296	18
297	21
298	21
299	24
300	15
301	21
302	21
303	25
304	7
305	31
306	16
307	16
308	23
309	17
310	30
311	17
312	31
313	16
314	20
315	21
316	24
317	21
318	19
319	11
320	10
321	14
322	25
323	17
324	31
325	21
326	19
327	14
328	14
329	22
330	25
331	20
332	8
333	14
334	26
335	24
336	23
337	22
338	14
339	23
340	16
341	26
342	22
343	21
344	14
345	29
346	13
347	13
348	15
349	18
350	25
351	13
352	23
353	23
354	22
355	22
356	5
357	31
358	14
359	19
360	14
361	13
362	15
363	17
364	14
365	27
366	22
367	25
368	11
369	22
370	21
371	21
372	23
373	19
374	13
375	22
376	21
377	10
378	14
379	21
380	21
381	13
382	16
383	14
384	24
385	13
386	19
387	31
388	23
389	10
390	21
391	15
392	8
393	22
394	21
395	21
396	13
397	21
398	20
399	15
400	13
401	14
402	20
403	14
404	24
405	15
406	11
407	13
408	22
409	21
410	21
411	16
412	24
413	24
414	13
415	21
416	22
417	22
418	15
419	13
420	31
421	18
422	14
423	11
424	8
425	21
426	23
427	13
428	14
429	13
430	17
431	31
432	13
433	13
434	21
435	31
436	17
437	22
438	31
439	31
440	14
441	16
442	17
443	22
444	30
445	14
446	22
447	21
448	18
449	24
450	13
451	21
452	16
453	31
454	10
455	10
456	21
457	22
458	22
459	5
460	23
461	14
462	16
463	15
464	22
465	21
466	31
467	13
468	17
469	27
470	24
471	13
472	26
473	22
474	29
475	13
476	24
477	24
478	13
479	23
480	21
481	15
482	21
483	14
484	22
485	14
486	24
487	18
488	9
489	22
490	13
491	31
492	14
493	21
494	15
495	16
496	22
497	16
498	12
499	21
500	13
501	22
502	17
503	16
504	31
505	25
506	9
507	21
508	18
509	13
510	13
511	21
512	22
513	14
514	21
515	14
516	26
517	21
518	11
519	14
520	17
521	13
522	21
523	30
524	25
525	21
526	14
527	25
528	21
529	13
530	26
531	21
532	31
533	13
534	14
535	13
536	22
537	20
538	22
539	23
540	21
541	17
542	23
543	13
544	22
545	13
546	14
547	22
548	14
549	13
550	24
551	16
552	23
553	22
554	16
555	11
556	31
557	22
558	21
559	22
560	12
561	21
562	15
563	21
564	24
565	13
566	29
567	23
568	14
569	15
570	14
571	18
572	22
573	26
574	22
575	20
576	15
577	22
578	24
579	17
580	17
581	21
582	9
583	13
584	21
585	13
586	12
587	13
588	26
589	17
590	15
591	21
592	16
593	16
594	13
595	31
596	14
597	13
598	24
599	13
600	14
601	12
602	15
603	24
604	13
605	17
606	13
607	22
608	10
609	13
610	13
611	13
612	13
613	15
614	14
615	10
616	16
617	21
618	13
619	24
620	22
621	12
622	14
623	13
624	6
625	14
626	21
627	13
628	31
629	17
630	18
631	13
632	16
633	20
634	13
635	17
636	13
637	15
638	21
639	23
640	13
641	14
642	21
643	14
644	31
645	13
646	21
647	21
648	21
649	29
650	14
651	13
652	13
653	14
654	12
655	14
656	23
657	21
658	21
659	14
660	14
661	31
662	31
663	14
664	9
665	14
666	13
667	23
668	14
669	22
670	13
671	24
672	23
673	24
674	21
675	23
676	26
677	13
678	21
679	21
680	26
681	13
682	25
683	31
684	13
685	14
686	14
687	18
688	20
689	21
690	13
691	15
692	18
693	21
694	14
695	22
696	21
697	20
698	13
699	29
700	21
701	16
702	13
703	13
704	21
705	22
706	22
707	19
708	25
709	22
710	20
711	22
712	13
713	13
714	21
715	13
716	21
717	13
718	27
719	23
720	21
721	25
722	24
723	12
724	14
725	23
726	31
727	17
728	10
729	13
730	15
731	21
732	15
733	18
734	13
735	20
736	22
737	21
738	18
739	28
740	31
741	13
742	13
743	16
744	19
745	22
746	10
747	31
748	16
749	22
750	13
751	31
752	18
753	14
754	21
755	31
756	14
757	17
758	15
759	14
760	13
761	16
762	14
763	21
764	21
765	17
766	21
767	23
768	13
769	13
770	14
771	13
772	12
773	21
774	16
775	21
776	29
777	13
778	16
779	31
780	22
781	14
782	26
783	29
784	21
785	21
786	22
787	13
788	21
789	24
790	13
791	18
792	20
793	21
794	19
795	21
796	21
797	18
798	21
799	23
800	13
801	14
802	21
803	16
804	20
805	13
806	22
807	13
808	13
809	31
810	16
811	21
812	18
813	14
814	17
815	21
816	24
817	13
818	14
819	13
820	23
821	13
822	23
823	31
824	13
825	14
826	22
827	24
828	22
829	14
830	15
831	23
832	16
833	23
834	23
835	31
836	16
837	21
838	22
839	13
840	21
841	15
842	20
843	21
844	13
845	21
846	20
847	18
848	21
849	14
850	13
851	21
852	21
853	27
854	15
855	21
856	13
857	14
858	13
859	21
860	23
861	13
862	22
863	13
864	14
865	29
866	22
867	31
868	22
869	23
870	31
871	23
872	14
873	22
874	21
875	15
876	26
877	22
878	22
879	22
880	15
881	22
882	18
883	13
884	22
885	23
886	31
887	31
888	31
889	13
890	21
891	22
892	17
893	27
894	21
895	14
896	24
897	23
898	31
899	14
900	22
901	31
902	13
903	31
904	13
905	21
906	22
907	12
908	13
909	24
910	13
911	31
912	16
913	13
914	15
915	31
916	15
917	22
918	13
919	16
920	13
921	13
922	14
923	31
924	22
925	23
926	31
927	31
928	21
929	31
930	13
931	14
932	14
933	21
934	25
935	14
936	21
937	24
938	13
939	13
940	21
941	30
942	13
943	28
944	17
945	31
946	21
947	22
948	22
949	21
950	15
951	31
952	17
953	31
954	15
955	31
956	21
957	31
958	13
959	21
960	26
961	24
962	31
963	13
964	14
965	14
966	31
967	21
968	23
969	21
970	31
971	15
972	14
973	31
974	22
975	31
976	13
977	21
978	31
979	14
980	21
981	31
982	13
983	21
984	7
985	25
986	22
987	29
988	31
989	17
990	31
991	23
992	21
993	21
994	21
995	14
996	31
997	12
998	21
999	22
1000	28
1001	31
1002	21
1003	13
1004	21
1005	31
1006	13
1007	31
1008	29
1009	16
1010	23
1011	21
1012	13
1013	15
1014	26
1015	22
1016	31
1017	26
1018	29
1019	31
1020	30
1021	21
1022	14
1023	31
1024	13
1025	31
1026	23
1027	22
1028	31
1029	13
1030	15
1031	25
1032	23
1033	21
1034	31
1035	14
1036	25
1037	13
1038	21
1039	31
1040	9
1041	21
1042	21
1043	14
1044	21
1045	21
1046	14
1047	31
1048	14
1049	19
1050	21
1051	30
1052	16
1053	15
1054	31
1055	23
1056	11
1057	16
1058	31
1059	14
1060	14
1061	31
1062	17
1063	21
1064	17
1065	31
1066	31
1067	31
1068	18
1069	21
1070	18
1071	28
1072	16
1073	31
1074	21
1075	31
1076	19
1077	31
1078	14
1079	14
1080	31
1081	15
1082	31
1083	28
1084	31
1085	31
1086	7
1087	14
1088	21
1089	27
1090	24
1091	31
1092	13
1093	14
1094	31
1095	31
1096	23
1097	29
1098	24
1099	31
1100	31
1101	31
1102	20
1103	14
1104	21
1105	23
1106	15
1107	21
1108	13
1109	13
1110	31
1111	18
1112	31
1113	21
1114	22
1115	21
1116	21
1117	27
1118	18
1119	13
1120	31
1121	28
1122	14
1123	31
1124	21
1125	31
1126	31
1127	14
1128	31
1129	21
1130	31
1131	31
1132	16
1133	31
1134	14
1135	31
1136	31
1137	31
1138	31
1139	31
1140	31
1141	31
1142	26
1143	31
1144	21
1145	31
1146	27
1147	18
1148	13
1149	29
1150	14
1151	30
1152	31
1153	21
1154	13
1155	14
1156	31
1157	31
1158	31
1159	31
1160	14
1161	16
1162	31
1163	29
1164	31
1165	13
1166	0
1167	22
1168	14
1169	31
1170	14
1171	31
1172	22
1173	15
1174	31
1175	13
1176	31
1177	24
1178	31
1179	22
1180	31
1181	31
1182	31
1183	31
1184	19
1185	31
1186	31
1187	13
1188	31
1189	14
1190	9
1191	31
1192	22
1193	14
1194	31
1195	7
1196	31
1197	31
1198	31
1199	20
1200	31
1201	13
1202	16
1203	15
1204	14
1205	31
1206	13
1207	22
1208	21
1209	19
1210	31
1211	21
1212	20
1213	31
1214	31
1215	23
1216	31
1217	16
1218	27
1219	31
